[[0,6.35964],
[0.2,5.80944],
[0.4,5.21457],
[0.6,3.23576],
[0.8,0.786364],
[1,5.03013],
[1.2,3.61287],
[1.4,0.860481],
[1.6,-1.47823],
[1.8,3.04494],
[2,-0.146198],
[2.2,1.28996],
[2.4,2.27361],
[2.6,1.42489],
[2.8,1.94561],
[3,0.279541],
[3.2,6.16349],
[3.4,2.57959],
[3.6,6.56985],
[3.8,5.18337],
[4,7.24757],
[4.2,10.1422],
[4.4,12.8602],
[4.6,16.9527],
[4.8,12.0576],
[5,20.6801],
[5.2,17.4722],
[5.4,20.633],
[5.6,25.111],
[5.8,27.5441],
[6,34.4345],
[6.2,40.4481],
[6.4,38.2523],
[6.6,45.61],
[6.8,41.7276],
[7,47.5253],
[7.2,51.4851],
[7.4,57.6829],
[7.6,65.3431],
[7.8,69.0615],
[8,71.0335],
[8.2,68.2975],
[8.4,81.3384],
[8.6,82.9138],
[8.8,86.3743]]