[[657.081,258.001],
[692.132,266.196],
[643.886,234.717],
[636.639,226.958],
[600.674,207.852],
[561.66,200.297],
[452.972,202.909],
[345.51,229.741],
[285.377,240.541],
[290.258,243.978],
[230.856,293.913],
[219.38,334.534],
[218.116,374.389],
[238.132,405.586],
[279.02,433.423],
[316.732,486.496],
[324.374,507.891],
[389.425,602.23],
[403.311,674.847],
[403.509,752.733],
[359.971,838.322],
[302.898,855.405],
[213.658,879.316],
[126.04,860.39],
[-8.74183,807.697],
[2.04125,757.464],
[12.5652,669.714],
[55.5524,611.96],
[133.119,557.031],
[194.466,532.601],
[310.643,490.309],
[416.732,451.878],
[393.132,454.847],
[404.022,444.799],
[405.806,421.117],
[399.863,409.851],
[396.153,396.714],
[386.753,385.897],
[340.471,378.885],
[275.938,399.173],
[263.718,434.007],
[272.767,501.922],
[292.745,518.517],
[359.405,584.705],
[494.485,607.612],
[629.297,569.644],
[732.001,481.459],
[760.282,314.959],
[704.836,217.64],
[643.911,142.099],
[612.802,134.157],
[566.86,136.663],
[527.476,177.131],
[479.403,274.552],
[495.208,301.569],
[509.094,295.594],
[566.922,309.804],
[628.921,295.986],
[672.637,261.536],
[677.097,244.958],
[677.975,199.256],
[644.321,196.754],
[562.092,186.366],
[421.629,290.36],
[360.831,411.148],
[357.702,528.032],
[387.279,554.937],
[462.718,623.697],
[515.287,636.393],
[527.038,642.933],
[517.646,640.161],
[509.888,660.913],
[490.427,675.925],
[479.623,679.75],
[455.681,684.456],
[436.189,681],
[352.961,675.284],
[349.797,665.449],
[361.025,659.479],
[357.002,650.748],
[377.868,579.05],
[388.355,582.087],
[569.092,487.702],
[637.352,517.117],
[774.858,510.237],
[773.385,497.97],
[790.339,485.413],
[778.779,453.977],
[731.534,408.631],
[654.901,384.318],
[552.562,391.261],
[422.731,392.003],
[327.09,452.584],
[258.005,565.313],
[289.284,668.437],
[394.297,738.686],
[470.741,718.808],
[574.534,702.886],
[706.642,559.11],
[716.472,432.584],
[656.914,266.378],
[544.752,156.149],
[486.831,145.894],
[273.063,99.5151],
[157.873,200.933],
[130.089,263.063],
[142.029,350.987],
[172.333,395.295],
[246.945,464.841],
[343.916,529.059],
[396.236,567.593],
[370.673,548.628],
[358.595,586.905],
[311.878,619.714],
[270.037,603.387],
[215.918,579.298],
[139.504,525.137],
[82.0244,458.163],
[54.7002,376.55],
[102.448,391.954],
[153.425,342.874],
[269.59,358.956],
[321.134,427.524],
[406.115,533.003],
[468.316,639.172],
[454.886,701.311],
[436.296,679.543],
[397.929,705.701],
[355.767,726.467],
[346.907,721.961],
[356.273,714.1],
[360.285,677.54],
[367.424,634.22],
[402.695,518.851],
[427.778,471.733],
[412.799,486.03],
[415.999,493.22],
[406.345,536.743],
[408.377,606.562],
[409.001,656.521],
[450.759,694.599],
[443.9,671.291],
[477.025,635.805],
[517.509,555.798],
[516.217,487.438],
[511.422,370.977],
[465.641,303.446],
[410.524,263.544],
[374.659,277.578],
[288.441,304.369],
[251.066,374.762],
[228.517,459.455],
[264.233,528.165],
[330.986,568.385],
[493.029,602.692],
[663.457,542.951],
[689.354,487.774],
[698.991,430.109],
[663.606,394.37],
[584.992,385.291],
[512.919,450.958],
[393.559,557.17],
[300.468,703.932],
[320.737,758.338],
[324.394,819.069],
[322.064,807.71],
[324.823,814.013],
[363.905,827.107],
[422.412,807.941],
[487.989,738.07],
[577.224,600.398],
[588.658,419.246],
[522.235,276.198],
[481.183,236.433],
[418.958,243.715],
[370.464,279.896],
[287.863,442.766],
[323.987,520.761],
[404.62,617.623],
[432.152,615.516],
[573.07,635.468],
[581.112,584.934],
[602.642,540.565],
[584.85,453.278],
[547.901,391.879],
[490.043,348.26],
[436.349,354.76],
[341.302,409.036],
[323.633,495.639],
[341.425,519.319],
[399.9,593.339],
[456.185,589.514],
[503.638,582.996],
[575.322,530.303],
[542.688,530.718],
[544.579,539.848],
[522.8,583.392],
[465.063,684.528],
[392.853,755.098],
[354.987,731.054],
[302.739,735.997],
[228.161,714.272],
[198.654,711.582],
[215.07,715.328],
[319.947,583.724],
[358.237,528.776],
[479.174,390.515],
[521.621,334.475],
[564.771,305.904],
[589.047,277.972],
[615.002,279.924],
[614.497,280.731],
[607.967,324.12],
[564.61,400.833],
[481.469,503.027],
[444.771,530.814],
[351.625,615.565],
[320.608,639.37],
[353.151,600.259],
[469.085,462.436],
[577.841,329.322],
[692.825,158.628],
[647.976,169.153],
[652.258,169.002],
[584.307,237.221],
[426.697,452.132],
[385.731,590.393],
[431.06,662.922],
[470.964,693.511],
[524.09,682.377],
[559.403,637.643],
[613.154,533.12],
[584.277,455.738],
[419.176,291.04],
[307.215,293.95],
[203.707,329.763],
[155.247,449.292],
[187.456,627.283],
[393.229,767.468],
[394.118,757.356],
[427.131,812.313],
[410,805.236],
[378.964,824.327],
[345.689,825.641],
[301.733,804.998],
[224.461,686.2],
[213.949,608.277],
[226,538.755],
[284.342,476.52],
[318.768,465.688],
[404.064,442.465],
[447.441,469.073],
[550.172,512.642],
[547.106,503.324],
[653.611,507.451],
[693.357,462.54],
[682.121,414.392],
[659.021,388.77],
[592.042,373.596],
[506.66,438.906],
[498.25,501.752],
[509,548.04],
[557.468,570.839],
[599.288,609.247],
[657.39,660.157],
[632.275,639.583],
[596.099,639.246],
[548.115,597.385],
[471.454,500.975],
[411.382,384.631],
[443.747,372.346],
[444.136,360.109],
[460.826,360.462],
[503.414,358.432],
[515.249,410.315],
[515.619,524.396],
[466.657,591.365],
[415.397,649.37],
[356.565,654.573],
[279.338,638.587],
[255.322,638.086],
[252.399,636.738],
[258.14,634.762],
[328.961,564.194],
[342.374,489.556],
[356.458,387.829],
[331.074,331.344],
[319.872,331.355],
[316.656,332.66],
[275.737,357.476],
[214.238,444.851],
[215.558,579.448],
[276.573,618.104],
[388.55,643.412],
[535.27,575.08],
[533.575,544.033],
[586.921,441.973],
[535.368,352.658],
[470.025,321.234],
[460.99,337.957],
[383.34,348.162],
[263.455,454.501],
[232.214,547.72],
[249.8,603.044],
[334.816,688.506],
[410.648,680.398],
[536.919,679.079],
[677.627,635.148],
[737.494,569.165],
[753.262,526.646],
[789.652,424.719],
[772.59,328.314],
[765.072,276.049],
[762.639,295.694],
[743.348,292.42],
[654.183,357.278],
[559.77,457.38],
[456.328,586.258],
[378.794,686.8],
[337.143,745.92],
[336.488,728.461],
[310.15,725.143],
[245.009,693.443],
[145.996,605.462],
[135.888,535.063],
[150.682,474.93],
[200.88,432.982],
[233.514,404.639],
[254.696,401.98],
[290.174,403.021],
[348.961,390.733],
[405.974,365.224],
[441.82,335.132],
[418.193,341.731],
[419.228,290.523],
[371.356,227.174],
[258.28,145.684],
[172.449,142.876],
[128.045,178.757],
[65.0183,284.308],
[119.788,362.236],
[189.034,443.236],
[355.513,557.103],
[475.416,623.972],
[556.864,684.872],
[546.502,675.951],
[549.852,686.16],
[544.833,699.7],
[531.408,711.146],
[488.811,714.211],
[478.334,703.948],
[466.836,680.001],
[455.607,600.047],
[496.488,594.285],
[551.162,549.019],
[643.636,479.597],
[746.442,451.057],
[811.881,424.509],
[836.064,392.919],
[827.543,357.568],
[829.999,336.374],
[811.601,294.986],
[763.806,258.3],
[758.725,258.491],
[676.616,261.539],
[626.624,420.231],
[656.709,553.435],
[743.989,758.888],
[795.405,905.892],
[794.552,966.558],
[771.306,972.158],
[730.891,988.258],
[657.893,984.16],
[583.357,950.437],
[511.173,825.182],
[488.992,736.453],
[464.413,648.328],
[506.056,636.173],
[559.787,596.388],
[685.928,515.075],
[729.752,461.788],
[727.838,440.78],
[713.743,445.318],
[664.935,424.894],
[575.549,405.311],
[454.131,415.482],
[375.089,452.254],
[350.173,492.064],
[344.382,594.649],
[378.524,599.83],
[382.294,605.838],
[371.194,600.999],
[320.68,593.214],
[278.37,596.998],
[142.437,562.77],
[147.227,518.349],
[152.805,418.834],
[168.507,391.683],
[263.405,254.235],
[319.41,264.562],
[377.349,278.229],
[449.959,359.134],
[523.114,449.43],
[542.961,510.61],
[535.343,553.542],
[559.461,603.52],
[554.824,580.696],
[566.296,570.227],
[617.637,470.499],
[596.528,380.643],
[499.002,292.124],
[413.602,268.144],
[375.128,281.803],
[244.293,311.413],
[146.526,433.861],
[179.606,525.969],
[238.414,611.221],
[335.922,680.238],
[486.573,681.224],
[556.407,633.793],
[584.057,570.854],
[575.223,492.459],
[518.03,422.143],
[403.987,383.999],
[290.995,438.542],
[240.03,542.237],
[206.631,639.526],
[255.656,695.16],
[312.481,716.133],
[380.599,707.922],
[487.565,671.934],
[482.84,664.694],
[465.236,687.481],
[432.705,751.2],
[398.495,786.811],
[357.457,790.233],
[358.201,767.493],
[314.313,695.702],
[272.401,595.773],
[257.656,533.792],
[297.43,512.592],
[327.548,524.541],
[442.732,528.05],
[576.597,540.276],
[715.959,523.228],
[811.31,460.68],
[772.747,430.174],
[741.063,320.001],
[661.851,245.588],
[579.479,201.271],
[485.002,208.965],
[478.398,241.883],
[422.716,395.096],
[497.176,542.447],
[538.001,692.828],
[554.11,782.356],
[524.864,846.694],
[477.723,871.336],
[435.395,852.779],
[344.447,771.092],
[327.524,715.578],
[301.707,633.807],
[325.742,551.115],
[381.907,502.56],
[438.097,495.489],
[516.52,509.026],
[588.576,537.53],
[653.865,530.629],
[652.233,519.707],
[647.352,507.212],
[635.366,485.61],
[584.859,461.534],
[490.723,470.446],
[360.105,560.549],
[342.1,638.438],
[355.001,656.73]]